-2.858779871167371062e-02
-2.738982833339188155e-02
-2.626435163096261724e-02
-2.520624164949443816e-02
-2.421081886517685577e-02
-2.327380787228664621e-02
-2.239129893331091165e-02
-2.155971380348585195e-02
-2.077577532104646352e-02
-2.003648032296699230e-02
-1.933907550486991048e-02
-1.868103589442305160e-02
-1.806004565136923659e-02
-1.747398094536336405e-02
-1.692089469584867265e-02
-1.639900298722270916e-02
-1.590667299804103887e-02
-1.544241230560558509e-02
-1.500485944752630307e-02
-1.459277564005300939e-02
-1.420503756967808791e-02
-1.384063118996362030e-02
-1.349864647012905330e-02
-1.317827305599891807e-02
-1.287879681771430564e-02
-1.259959727257267681e-02
-1.234014588575788052e-02
-1.210000526703652012e-02
-1.187882929810620165e-02
-1.167636424376751643e-02
-1.149245092104596820e-02
-1.132702802461178250e-02
-1.118013673524177048e-02
-1.105192677182086601e-02
-1.094266408795393879e-02
-1.085274046353252621e-02
-1.078268530190877074e-02
-1.073318001776804066e-02
-1.070507549330465720e-02
-1.069941319602803892e-02
-1.071745069723403776e-02
-1.076069251477102320e-02
-1.083092743901687034e-02
-1.093027380279138795e-02
-1.106123454546397746e-02
-1.122676442757564175e-02
-1.143035241408149084e-02
-1.167612311572278037e-02
-1.196896233364216390e-02
-1.231467329612248758e-02
-1.272017225447727787e-02
-1.319373492482269102e-02
-1.374530911966737046e-02
-1.438691423439501446e-02
-1.513315565804599847e-02
-1.600189257175840818e-02
-1.701511231855059800e-02
-1.820008555828522834e-02
-1.959090671897318822e-02
-2.123056823733334916e-02
-2.317378132710387964e-02
-2.549085021402013387e-02
-2.827304482966947960e-02
-3.164011764188785075e-02
-3.575089554433853040e-02
-4.081826239281782787e-02
-4.713030345191460135e-02
-5.507972707888515035e-02
-6.520325724690008429e-02
-7.822951504720615512e-02
-9.512246823765831139e-02
-1.170739747791418733e-01
-1.453143111978553170e-01
-1.804407969970448222e-01
-2.208044560063301964e-01
-2.600163691407724742e-01
-2.861932090397752426e-01
-2.879740759401335226e-01
-2.646780770728191512e-01
-2.269322618544212800e-01
-1.868419196391820358e-01
-1.513293659305015582e-01
-1.224393080073941514e-01
-9.977875624864052106e-02
-8.220254948215713342e-02
-6.854654525083578309e-02
-5.785042919004788897e-02
-4.938039743064807224e-02
-4.259207663670502159e-02
-3.708510197633383548e-02
-3.256454752823247090e-02
-2.881167461576446265e-02
-2.566271694220256111e-02
-2.299375521130398239e-02
-2.070997502570951984e-02
-1.873801484160865852e-02
-1.702047822797271570e-02
-1.551196342804710658e-02
-1.417616181214984006e-02
-1.298371449166073506e-02
-1.191061078103351246e-02
-1.093697677492750514e-02
-1.004614655144585485e-02
-9.223938922240436031e-03
-8.458083606176154332e-03
-7.737755131799155597e-03
-7.053182616215669491e-03
-6.395310094974621454e-03
-5.755486093808045295e-03
-5.125163104377343862e-03
-4.495587750751457203e-03
-3.857460671299400238e-03
-3.200541207560149513e-03
-2.513165319319868654e-03
-1.781634813488131930e-03
-9.894206270781896913e-04
-1.161006996774936398e-04
8.640782797222553444e-04
1.984168031771466230e-03
3.287219200596218100e-03
4.829969344079999664e-03
6.687778195522552267e-03
8.960907547117520286e-03
1.178157886891278462e-02
1.531924206305413511e-02
1.977626597484841847e-02
2.535433483529330595e-02
3.215024029048818566e-02
3.992159730331136525e-02
4.772488125926020730e-02
5.372449003714597354e-02
5.584221543382426878e-02
5.326991935464930883e-02
4.719926773844028423e-02
3.974326023449527290e-02
3.254178279614460684e-02
2.635777500609650173e-02
2.134673807967896186e-02
1.739112217672164964e-02
1.429712595524283703e-02
1.187796876849391177e-02
9.979246281214411776e-03
8.481005957216835103e-03
7.292469602366223949e-03
6.345581111246322362e-03
5.589375590872640472e-03
4.985579677398224718e-03
4.505331423118811261e-03
4.126785695224071022e-03
3.833381874516323361e-03
3.612595810538192682e-03
3.455043972792759197e-03
3.353845386655885958e-03
3.304175487631601238e-03
3.302967131685975895e-03
3.348729695147714507e-03
3.441469278622754594e-03
3.582702955126939887e-03
3.775568961731321730e-03
4.025043728929738468e-03
4.338286528804136989e-03
4.725143927394166027e-03
5.198859165315660585e-03
5.777044393109857442e-03
6.482980252556970295e-03
7.347290452420559594e-03
8.409955031525256572e-03
9.722370393240697961e-03
1.134850234325404141e-02
1.336263538231361597e-02
1.583803730332915272e-02
1.881562987518512267e-02
2.223783350283504295e-02
2.584610076807009049e-02
2.910195260040839699e-02
3.128117098767978915e-02
3.182200374711740415e-02
3.067804098348770464e-02
2.831628328850928009e-02
2.540031985841340739e-02
2.248229790877954992e-02
1.988489836698702565e-02
1.773410289299695575e-02
1.603865411725584680e-02
1.475509541705948870e-02
1.382553451604216430e-02
1.319517452003218100e-02
1.281867094643663815e-02
1.266133928935930103e-02
1.269839221466932851e-02
1.291367233722271780e-02
1.329848309395079142e-02
1.385073095203941118e-02
1.457443586862573227e-02
1.547961739742295846e-02
1.658256172195190711e-02
1.790649464986182951e-02
1.948271804076558145e-02
2.135231114358969104e-02
2.356855737989497698e-02
2.620033828774769036e-02
2.933685046827081214e-02
3.309416381233514642e-02
3.762437041175662605e-02
4.312839715930789214e-02
4.987398964181641997e-02
5.822090554803904805e-02
6.865585462807939632e-02
8.183973923939748263e-02
9.866796437863228908e-02
1.203373212038514328e-01
1.483900207590795883e-01
1.846398778416049880e-01
2.307204367587306348e-01
2.866919219465227098e-01
3.480477703639724418e-01
4.021338371874914608e-01
4.298606063634097252e-01
4.185574771870527178e-01
3.742738112703909992e-01
3.153868646527182573e-01
2.575941420272258031e-01
2.082265486941103361e-01
1.686702054275534268e-01
1.377758786462483787e-01
1.137846626403681699e-01
9.507399939062281813e-02
8.034818143647502742e-02
6.862835974326352007e-02
5.919010356767906433e-02
5.149956789986244454e-02
4.516182966401627308e-02
3.988236700999137768e-02
3.543926899823039711e-02
3.166342099633715629e-02
2.842440226322684796e-02
2.562043226161780235e-02
2.317121532607100201e-02
2.101293655001440150e-02
1.909497232278989376e-02
1.737808593119087933e-02
1.583387581044225570e-02
1.444480020593320521e-02
1.320313097707067132e-02
1.210662291545747983e-02
1.115073787029443979e-02
1.032188371014901816e-02
9.597276550346848026e-03
8.951007547850628118e-03
8.360460696285522408e-03
7.809053939472652278e-03
7.285707642891869722e-03
6.783082620403346925e-03
6.295934972369588052e-03
5.819984546122645638e-03
5.351232448657855696e-03
4.885560199596802357e-03
4.418472233463996944e-03
3.944891781458658049e-03
3.458954935671402098e-03
2.953766514141981624e-03
2.421088655129331486e-03
1.850932989434481406e-03
1.231022481734399569e-03
5.460816219751727730e-04
-2.230936509596863555e-04
-1.100836084564882009e-03
-2.118107795145624840e-03
-3.314258788473358266e-03
-4.738799055054871388e-03
-6.452453515588721378e-03
-8.525698599605670627e-03
-1.103085812938377729e-02
-1.402031683539593440e-02
-1.747973367084174057e-02
-2.124833229938164272e-02
-2.492642025740210432e-02
-2.785792915196931563e-02
-2.932238322648676038e-02
-2.892424701248174496e-02
-2.685939955952371810e-02
-2.376690644919144876e-02
-2.034034845340010680e-02
-1.706403804180875103e-02
-1.417524798855139545e-02
-1.173972274253338999e-02
-9.734745554296318423e-03
-8.103736243488384242e-03
-6.784338962889763583e-03
-5.720309630386066074e-03
-4.865273852796734091e-03
-4.182973739112163386e-03
-3.646280236149288066e-03
-3.235979015587694702e-03
-2.939716812326542174e-03
-2.751195155146959632e-03
-2.669520889306306859e-03
-2.698438580885221053e-03
-2.844868863833482139e-03
-3.115656256293369841e-03
-3.510691944629086569e-03
-4.010122821010521366e-03
-4.555068762403367659e-03
-5.028839965458458197e-03
-5.259828453738235599e-03
-5.071587919320790297e-03
-4.368677750397513722e-03
-3.188326474599267879e-03
-1.663899838025575516e-03
6.086381567732470493e-05
1.892843999208880090e-03
3.803175366929595000e-03
5.815060613871382914e-03
7.988776128676459629e-03
1.041344457525866622e-02
1.320662076593349422e-02
1.652028572949831506e-02
2.055174243302718487e-02
2.555742546558199130e-02
3.186455695609920896e-02
3.986625840954444860e-02
4.996352518476095128e-02
6.237638139290510586e-02
7.671039225104316073e-02
9.127752167560350405e-02
1.027242218925647765e-01
1.072126791998156276e-01
1.031953427358478781e-01
9.275724458353926116e-02
7.967827162854060341e-02
6.692604603967237942e-02
5.591691677192626997e-02
4.698001105681082895e-02
3.994644190616517682e-02
3.450117761935576205e-02
3.033549910349677553e-02
2.719629907876530001e-02
2.489319982145268145e-02
2.329201820930263192e-02
2.230592604515558783e-02
2.188812630777044535e-02
2.202683121927015777e-02
2.274198749735129033e-02
2.408211754902221322e-02
2.611792063334344993e-02
2.892622031915358452e-02
3.255374781867422657e-02
3.694957744266121752e-02
4.187250845468276639e-02
4.683688327007531210e-02
5.123233512479297841e-02
5.468669440530772585e-02
5.743673626868613796e-02
6.031018835806865180e-02
6.427016324420989357e-02
6.978274352067118103e-02
7.614544199483598563e-02
8.107254722457464535e-02
8.157161290830294842e-02
7.636897691308082436e-02
6.711121655308947831e-02
5.661350852799615363e-02
4.685146451501395748e-02
3.859365510678537670e-02
3.188712015137171868e-02
2.650580749638226097e-02
2.217535340254864554e-02
1.865372446713506674e-02
1.574871654916437311e-02
1.331370276835172964e-02
1.123821485785580533e-02
9.438927821660359277e-03
7.852441255246268501e-03
6.429865801582291748e-03
5.132862924631728142e-03
3.930763841573993965e-03
2.798461587458906958e-03
1.714847127050263135e-03
6.616237380501814808e-04
-3.776192128456788439e-04
-1.418158626848363022e-03
-2.474777891934018450e-03
-3.562338362710134893e-03
-4.696308048533981254e-03
-5.893250595417546048e-03
-7.171239631061587794e-03
-8.550095904196983523e-03
-1.005123213011401180e-02
-1.169674114503556697e-02
-1.350728571698164501e-02
-1.549870751561468682e-02
-1.767874738379118793e-02
-2.004804396231483696e-02
-2.261091361080752593e-02
-2.539530221880751532e-02
-2.846864335008080296e-02
-3.193377237385595230e-02
-3.590510487570908876e-02
-4.048031589622013565e-02
-4.572495805633992882e-02
-5.168975901566331965e-02
-5.847587517992567513e-02
-6.632302230150968758e-02
-7.565493163415558386e-02
-8.706026433721397728e-02
-1.012631836978812039e-01
-1.191296617277224079e-01
-1.416939770009062460e-01
-1.701440960143374426e-01
-2.056587032011593652e-01
-2.489064097951886045e-01
-2.989457102701804092e-01
-3.514910199039489869e-01
-3.976276022792547549e-01
-4.257461121835441897e-01
-4.279764297835623732e-01
-4.056464601901160760e-01
-3.672691859617343013e-01
-3.224003530123119021e-01
-2.780181205562433644e-01
-2.380793048276940160e-01
-2.042341906244490857e-01
-1.767001214594295100e-01
-1.549953846100929900e-01
-1.384200742324762090e-01
-1.263044786746937431e-01
-1.181087027538494927e-01
-1.134417117771595596e-01
-1.120305651267846786e-01
-1.136404195043454607e-01
-1.179264689190866189e-01
-1.242014544221714811e-01
-1.311640343284380672e-01
-1.367907109043613456e-01
-1.387377337205224770e-01
-1.353467275858469820e-01
-1.265858573175057122e-01
-1.139939968846915286e-01
-9.969223453599188045e-02
-8.542004828689787888e-02
-7.217885354710724954e-02
-6.034217232544511478e-02
-4.990025500143660531e-02
-4.065936013881158578e-02
-3.236121767372992369e-02
-2.474444019542158119e-02
-1.757661975011142949e-02
-1.067953334461354230e-02
-3.962887934673330059e-03
2.527305241470237124e-03
8.560087766747085172e-03
1.372025715156309673e-02
1.752718167977854527e-02
1.967125372333740352e-02
2.021606756254013329e-02
1.958275100836816274e-02
1.833561555513243610e-02
1.696329337016239114e-02
1.578443270712799953e-02
1.496137775162372820e-02
1.455374616173187897e-02
1.456784246000704906e-02
1.498900554541567759e-02
1.579869335214278969e-02
1.698108926159359530e-02
1.852276924483418907e-02
2.040726097342402193e-02
2.260564606019337813e-02
2.506562131827815357e-02
2.770506296438125446e-02
3.042009107854696734e-02
3.311535681454713664e-02
3.574976866832144801e-02
3.837286881895754509e-02
4.112828234612632416e-02
4.422563661398055262e-02
4.790435844593710080e-02
5.241146845772296642e-02
5.800016406577444134e-02
6.494394622576522835e-02
7.355783178091801489e-02
8.421962896350258798e-02
9.738477376309617739e-02
1.135842564548079636e-01
1.333842621142180551e-01
1.572664662123579860e-01
1.853631281307262513e-01
2.169779233393799578e-01
2.499232876325279407e-01
2.800319619256192438e-01
3.016703304601089930e-01
3.099208998021292794e-01
3.034438615214847812e-01
2.854378934470782059e-01
2.616576872008686827e-01
2.374489544064001256e-01
2.158959810129297274e-01
1.973116225088381859e-01
1.797541664423363272e-01
1.608748033864590976e-01
1.402435329721204715e-01
1.195137225060176611e-01
1.005337169420912058e-01
8.414641875493879264e-02
7.031678921123765691e-02
5.862361584152082916e-02
4.859033741432142867e-02
3.984485142415761239e-02
3.220056692740785181e-02
2.569267306937588272e-02
2.052905867234534887e-02
1.691528747735238092e-02
1.484889321326863729e-02
1.407826911686573847e-02
1.425619051327104390e-02
1.511076923428254955e-02
1.649867711791442801e-02
1.833696935664541616e-02
2.044184615940575211e-02
2.230715772602460262e-02
2.298942944223680146e-02
2.146938133039166460e-02
1.751689384499737281e-02
1.211506458004859600e-02
6.779911393436251904e-03
2.624181472389959784e-03
3.764076677035194308e-05
-1.118070760648409148e-03
-1.190643230612659087e-03
-5.009599390077274081e-04
7.640149283171995126e-04
2.545243582808539694e-03
4.831007692447420593e-03
7.568588264361065382e-03
1.063051807268668332e-02
1.382766839768562531e-02
1.692634589083485963e-02
1.968136884452625565e-02
2.192772681048966651e-02
2.369100275779455200e-02
2.519960036218906602e-02
2.677691965004614164e-02
2.872546869680714376e-02
3.128528995905921484e-02
3.465152513987890953e-02
3.900488675299911695e-02
4.452406101735601612e-02
5.136230747078272818e-02
5.957619547528278381e-02
6.900317766666841379e-02
7.910329213300297535e-02
8.883001877141445679e-02
9.668970743202388862e-02
1.011692648431057329e-01
1.014392633158152368e-01
9.781863032616873455e-02
9.156551557525685614e-02
8.421243469443419338e-02
7.700957683597774162e-02
7.073783375691163056e-02
6.578302046875704467e-02
6.228457237299932225e-02
6.025638906943307782e-02
5.965556478787115147e-02
6.040671964983625880e-02
6.239576558766929404e-02
6.544864317737876525e-02
6.931618957610415077e-02
7.368878855679601714e-02
7.824269923717258601e-02
8.266601953263620628e-02
8.658261904923088281e-02
8.938445604584822901e-02
9.017445984618203958e-02
8.806551630865233626e-02
8.273335712058201008e-02
7.469609984179663431e-02
6.500825919235103667e-02
5.470634274899298377e-02
4.447689743553381869e-02
3.464291696048385494e-02
2.531994027212933901e-02
1.661076744495793359e-02
8.771609976831589231e-03
2.271693337238531781e-03
-2.360053870234158583e-03
-4.877216884042274471e-03
-5.551800433730039695e-03
-5.039417227084572529e-03
-4.030259742323914589e-03
-3.014155644541792901e-03
-2.249908545497565204e-03
-1.836478277924562816e-03
-1.790240336046276977e-03
-2.095794394691383091e-03
-2.732139187800181838e-03
-3.683428104458206283e-03
-4.941308393889596445e-03
-6.502660490986078567e-03
-8.364792025065601738e-03
-1.052023908845948347e-02
-1.295506401829758444e-02
-1.565611174610428633e-02
-1.862990150060284469e-02
-2.192615935452041712e-02
-2.564968102269179345e-02
-2.994799846033761870e-02
-3.497686605571114632e-02
-4.085271747273755416e-02
-4.759473828003455559e-02
-5.505324304133050323e-02
-6.283172407974228768e-02
-7.024183355980916088e-02
-7.636604780456091035e-02
-8.028823829632586451e-02
-8.143513453016580639e-02
-7.981927894423264391e-02
-7.598475585792031917e-02
-7.068356274821969987e-02
-6.451740591983488871e-02
-5.777597634715520708e-02
-5.054184974511607281e-02
-4.292023281661812989e-02
-3.514711385346915712e-02
-2.749907984942785016e-02
-2.015677326583325754e-02
-1.315247785881428627e-02
-6.391393387185388339e-03
3.119390653819931235e-04
7.213314864395363631e-03
1.463810688547295333e-02
2.299493479390178619e-02
3.279866039557981922e-02
4.469277148326292193e-02
5.943974227474255190e-02
7.779331050180630924e-02
1.000628441525827916e-01
1.251024221963252803e-01
1.488594422169768894e-01
1.642483459555222902e-01
1.651523250240639340e-01
1.520688040059856305e-01
1.315442232257371391e-01
1.103536518481690043e-01
9.218509552708521737e-02
7.809332601624756343e-02
6.788753367105222758e-02
6.102686773811298593e-02
5.698820478712875864e-02
5.534153800928828110e-02
5.567000961157045347e-02
5.738138515613520896e-02
5.948012889202837494e-02
6.054281550479315155e-02
5.924066274221606587e-02
5.521568306259333481e-02
4.934536947031019360e-02
4.303406721811586788e-02
3.738085362090481228e-02
3.288310754215961751e-02
2.957106500946123789e-02
2.726837884486903868e-02
2.579770326216927062e-02
2.508873804120286682e-02
2.520945550876121932e-02
2.632340188355951002e-02
2.855873007459209384e-02
3.185643059224863016e-02
3.596443150599443889e-02
4.060504946387429731e-02
4.559042206636217814e-02
5.072198335504358307e-02
5.556744638103265632e-02
5.931698814771570183e-02
6.090859831732788748e-02
5.949686330240474413e-02
5.500174947084052884e-02
4.823305732742044771e-02
4.046017002265363954e-02
3.285266788328090187e-02
2.618677621686697765e-02
2.084814060120785892e-02
1.698253666236450299e-02
1.464619284427466292e-02
1.386690477451541122e-02
1.461810295255584410e-02
1.677244710910805181e-02
2.008575828508862848e-02
2.420033843004196911e-02
2.863252904408038202e-02
3.275379207160812600e-02
3.584110058420670458e-02
3.727046576904349123e-02
3.678893227477129241e-02
3.464306190959605403e-02
3.142847544405686505e-02
2.779904172252223998e-02
2.426111292439302528e-02
2.112195428929553379e-02
1.852390238346708629e-02
1.648822646928937291e-02
1.494637105813458045e-02
1.378129171214084910e-02
1.291298849328511092e-02
1.244087442655176720e-02
1.280431025650691224e-02
1.484499135490341751e-02
1.962845660859366057e-02
2.805985482382842081e-02
4.061775589372498829e-02
5.746815834733339651e-02
7.876751190018518867e-02
1.047185253762482338e-01
1.350647268911892851e-01
1.679086672193587926e-01
1.982880717484275246e-01
2.183812682734784238e-01
2.216205152145590551e-01
2.081461928326651112e-01
1.846793719595128669e-01
1.590592794910916929e-01
1.363099482822004715e-01
1.184395012611529213e-01
1.057046374774295028e-01
9.762336470377268316e-02
9.340862124495200036e-02
9.198915105653175661e-02
9.185108587486408294e-02
9.100875057742674468e-02
8.744793698181377306e-02
7.999030771095605452e-02
6.883336608151360836e-02
5.516046314675354667e-02
4.026577651286772364e-02
2.498975240979890711e-02
9.659513333654258516e-03
-5.701535528611955186e-03
-2.109402911596211169e-02
-3.626071718760265350e-02
-5.046558168487255691e-02
-6.250766681273244030e-02
-7.115338875878805813e-02
-7.580987413361789384e-02
-7.685650320150755332e-02
-7.535903223753703806e-02
-7.253685513389117323e-02
-6.939247468603400304e-02
-6.657897238698723408e-02
-6.443370103422753348e-02
-6.309573429800079125e-02
-6.260489368303416569e-02
-6.291818360038640978e-02
-6.390228531442850024e-02
-6.540600047798793282e-02
-6.741009221789441563e-02
-7.013809107731798498e-02
-7.403907050480412755e-02
-7.968202724633771661e-02
-8.765909276000051487e-02
-9.853206799579077024e-02
-1.127749163754459827e-01
-1.306264581931046720e-01
-1.517654933691402197e-01
-1.747843810705941303e-01
-1.966813813767708252e-01
-2.130375330853108151e-01
-2.196034813220637538e-01
-2.147058662816611063e-01
-2.002440432638930567e-01
-1.801884472033936646e-01
-1.583077183547070277e-01
-1.370338555547981896e-01
-1.175430947221122596e-01
-1.002706531779174598e-01
-8.534508251354189223e-02
-7.280772579228467212e-02
-6.264631133973282140e-02
-5.467005012458810154e-02
-4.817715430125417420e-02
-4.140128371407444940e-02
