-2.296752184525465701e-01 -2.858779871167371062e-02
-2.224971518224109213e-01 -2.738982833339188155e-02
-2.156254180902940076e-01 -2.626435163096261724e-02
-2.090416888081683966e-01 -2.520624164949443816e-02
-2.027289129550467750e-01 -2.421081886517685577e-02
-1.966712077010627779e-01 -2.327380787228664621e-02
-1.908537595285569322e-01 -2.239129893331091165e-02
-1.852627345758048327e-01 -2.155971380348585195e-02
-1.798851972027444568e-01 -2.077577532104646352e-02
-1.747090358943288180e-01 -2.003648032296699230e-02
-1.697228957182600750e-01 -1.933907550486991048e-02
-1.649161166415988033e-01 -1.868103589442305160e-02
-1.602786770873556310e-01 -1.806004565136923659e-02
-1.558011421788988438e-01 -1.747398094536336405e-02
-1.514746161779914058e-01 -1.692089469584867265e-02
-1.472906986729662915e-01 -1.639900298722270916e-02
-1.432414441175708653e-01 -1.590667299804103887e-02
-1.393193243592081298e-01 -1.544241230560558509e-02
-1.355171938284358280e-01 -1.500485944752630307e-02
-1.318282570900839445e-01 -1.459277564005300939e-02
-1.282460384806847764e-01 -1.420503756967808791e-02
-1.247643535776004342e-01 -1.384063118996362030e-02
-1.213772822622762870e-01 -1.349864647012905330e-02
-1.180791431540750558e-01 -1.317827305599891807e-02
-1.148644692019098607e-01 -1.287879681771430564e-02
-1.117279842287975666e-01 -1.259959727257267681e-02
-1.086645802293629420e-01 -1.234014588575788052e-02
-1.056692952223268200e-01 -1.210000526703652012e-02
-1.027372914588324110e-01 -1.187882929810620165e-02
-9.986383378317179038e-02 -1.167636424376751643e-02
-9.704426793453981015e-02 -1.149245092104596820e-02
-9.427399856670018452e-02 -1.132702802461178250e-02
-9.154846674643503379e-02 -1.118013673524177048e-02
-8.886312667047741032e-02 -1.105192677182086601e-02
-8.621342131400006048e-02 -1.094266408795393879e-02
-8.359475669024976630e-02 -1.085274046353252621e-02
-8.100247435970771293e-02 -1.078268530190877074e-02
-7.843182177661577048e-02 -1.073318001776804066e-02
-7.587791999909898610e-02 -1.070507549330465720e-02
-7.333572821434469757e-02 -1.069941319602803892e-02
-7.080000443949366340e-02 -1.071745069723403776e-02
-6.826526164922441797e-02 -1.076069251477102320e-02
-6.572571844817350073e-02 -1.083092743901687034e-02
-6.317524324614064157e-02 -1.093027380279138795e-02
-6.060729070082596093e-02 -1.106123454546397746e-02
-5.801482896052875121e-02 -1.122676442757564175e-02
-5.539025596097080922e-02 -1.143035241408149084e-02
-5.272530269885101345e-02 -1.167612311572278037e-02
-5.001092101339050383e-02 -1.196896233364216390e-02
-4.723715295140047676e-02 -1.231467329612248758e-02
-4.439297827223993159e-02 -1.272017225447727787e-02
-4.146613607847277061e-02 -1.319373492482269102e-02
-3.844291597042764214e-02 -1.374530911966737046e-02
-3.530791359317133477e-02 -1.438691423439501446e-02
-3.204374512371187950e-02 -1.513315565804599847e-02
-2.863071542363042690e-02 -1.600189257175840818e-02
-2.504643579632299250e-02 -1.701511231855059800e-02
-2.126539053272467894e-02 -1.820008555828522834e-02
-1.725845852681168191e-02 -1.959090671897318822e-02
-1.299241053802265879e-02 -2.123056823733334916e-02
-8.429430339207486661e-03 -2.317378132710387964e-02
-3.526760463570590212e-03 -2.549085021402013387e-02
1.763328014500881169e-03 -2.827304482966947960e-02
7.492856761573416305e-03 -3.164011764188785075e-02
1.371601821282990470e-02 -3.575089554433853040e-02
2.048421461125181364e-02 -4.081826239281782787e-02
2.783560490208196458e-02 -4.713030345191460135e-02
3.577411478480007484e-02 -5.507972707888515035e-02
4.422835928673578970e-02 -6.520325724690008429e-02
5.297270126830530557e-02 -7.822951504720615512e-02
6.147886915180112571e-02 -9.512246823765831139e-02
6.864850892454023301e-02 -1.170739747791418733e-01
7.237449143874236102e-02 -1.453143111978553170e-01
6.897827505893260047e-02 -1.804407969970448222e-01
5.300844212800823879e-02 -2.208044560063301964e-01
1.886902549836989504e-02 -2.600163691407724742e-01
-3.406420748159411094e-02 -2.861932090397752426e-01
-9.603182043910746257e-02 -2.879740759401335226e-01
-1.507423949157789544e-01 -2.646780770728191512e-01
-1.874390102297078253e-01 -2.269322618544212800e-01
-2.058253967594853295e-01 -1.868419196391820358e-01
-2.111510780408636934e-01 -1.513293659305015582e-01
-2.088875839407654256e-01 -1.224393080073941514e-01
-2.028394493519810049e-01 -9.977875624864052106e-02
-1.952324707148601901e-01 -8.220254948215713342e-02
-1.872514967481507253e-01 -6.854654525083578309e-02
-1.794829200807874225e-01 -5.785042919004788897e-02
-1.721906352572553089e-01 -4.938039743064807224e-02
-1.654713681410638071e-01 -4.259207663670502159e-02
-1.593383141671116388e-01 -3.708510197633383548e-02
-1.537652053888770576e-01 -3.256454752823247090e-02
-1.487091740008014973e-01 -2.881167461576446265e-02
-1.441223843297785578e-01 -2.566271694220256111e-02
-1.399577457395024815e-01 -2.299375521130398239e-02
-1.361715233334187813e-01 -2.070997502570951984e-02
-1.327243414616409989e-01 -1.873801484160865852e-02
-1.295813748627934192e-01 -1.702047822797271570e-02
-1.267121496961008953e-01 -1.551196342804710658e-02
-1.240901773415579584e-01 -1.417616181214984006e-02
-1.216925366865951041e-01 -1.298371449166073506e-02
-1.194994629615441367e-01 -1.191061078103351246e-02
-1.174939703051389867e-01 -1.093697677492750514e-02
-1.156615189242077707e-01 -1.004614655144585485e-02
-1.139897293360019603e-01 -9.223938922240436031e-03
-1.124681421247073904e-01 -8.458083606176154332e-03
-1.110880199091018039e-01 -7.737755131799155597e-03
-1.098421876961994254e-01 -7.053182616215669491e-03
-1.087249078588395923e-01 -6.395310094974621454e-03
-1.077317862518827607e-01 -5.755486093808045295e-03
-1.068597062216082860e-01 -5.125163104377343862e-03
-1.061067872452577943e-01 -4.495587750751457203e-03
-1.054723643922652748e-01 -3.857460671299400238e-03
-1.049569833099143895e-01 -3.200541207560149513e-03
-1.045624022982624413e-01 -2.513165319319868654e-03
-1.042915870073723300e-01 -1.781634813488131930e-03
-1.041486721337525206e-01 -9.894206270781896913e-04
-1.041388441773560269e-01 -1.161006996774936398e-04
-1.042680624880208407e-01 8.640782797222553444e-04
-1.045424689927532125e-01 1.984168031771466230e-03
-1.049672153902176386e-01 3.287219200596218100e-03
-1.055442150797321066e-01 4.829969344079999664e-03
-1.062679252790133810e-01 6.687778195522552267e-03
-1.071175479559836885e-01 8.960907547117520286e-03
-1.080428137771521357e-01 1.178157886891278462e-02
-1.089386369616123645e-01 1.531924206305413511e-02
-1.096018660059940170e-01 1.977626597484841847e-02
-1.096642261171181659e-01 2.535433483529330595e-02
-1.085106956106897252e-01 3.215024029048818566e-02
-1.052493790100314380e-01 3.992159730331136525e-02
-9.891961983585592644e-02 4.772488125926020730e-02
-8.917363603616301759e-02 5.372449003714597354e-02
-7.716922935273580475e-02 5.584221543382426878e-02
-6.546766453329498636e-02 5.326991935464930883e-02
-5.641999373348272062e-02 4.719926773844028423e-02
-5.081584602112144966e-02 3.974326023449527290e-02
-4.811935623145932595e-02 3.254178279614460684e-02
-4.737497382339087709e-02 2.635777500609650173e-02
-4.776503145983505838e-02 2.134673807967896186e-02
-4.874285276874460587e-02 1.739112217672164964e-02
-4.998476308584150901e-02 1.429712595524283703e-02
-5.131272052907499132e-02 1.187796876849391177e-02
-5.263475610388307357e-02 9.979246281214411776e-03
-5.390726988891447746e-02 8.481005957216835103e-03
-5.511300604411125542e-02 7.292469602366223949e-03
-5.624865505105605679e-02 6.345581111246322362e-03
-5.731800734899267225e-02 5.589375590872640472e-03
-5.832822365880183102e-02 4.985579677398224718e-03
-5.928783630480814748e-02 4.505331423118811261e-03
-6.020570790110092718e-02 4.126785695224071022e-03
-6.109051803157535682e-02 3.833381874516323361e-03
-6.195053962615756915e-02 3.612595810538192682e-03
-6.279357252548169177e-02 3.455043972792759197e-03
-6.362696042011635467e-02 3.353845386655885958e-03
-6.445764998113813482e-02 3.304175487631601238e-03
-6.529226906432637756e-02 3.302967131685975895e-03
-6.613721062380782667e-02 3.348729695147714507e-03
-6.699871375414177821e-02 3.441469278622754594e-03
-6.788293475422126078e-02 3.582702955126939887e-03
-6.879599986106788023e-02 3.775568961731321730e-03
-6.974402707745193386e-02 4.025043728929738468e-03
-7.073309614155176561e-02 4.338286528804136989e-03
-7.176913070701720909e-02 4.725143927394166027e-03
-7.285763071277216729e-02 5.198859165315660585e-03
-7.400314778241473546e-02 5.777044393109857442e-03
-7.520831868219980676e-02 6.482980252556970295e-03
-7.647213898981390645e-02 7.347290452420559594e-03
-7.778693761962711395e-02 8.409955031525256572e-03
-7.913316384077824506e-02 9.722370393240697961e-03
-8.047061933406872425e-02 1.134850234325404141e-02
-8.172435449125158013e-02 1.336263538231361597e-02
-8.276399072416901204e-02 1.583803730332915272e-02
-8.337946577026432438e-02 1.881562987518512267e-02
-8.326995169023312937e-02 2.223783350283504295e-02
-8.209008836365686013e-02 2.584610076807009049e-02
-7.961341500780010072e-02 2.910195260040839699e-02
-7.598826606217359836e-02 3.128117098767978915e-02
-7.185584548010286177e-02 3.182200374711740415e-02
-6.809903978952247527e-02 3.067804098348770464e-02
-6.540059803920565684e-02 2.831628328850928009e-02
-6.400763462479888699e-02 2.540031985841340739e-02
-6.380475535241540708e-02 2.248229790877954992e-02
-6.451521926592000689e-02 1.988489836698702565e-02
-6.585791769701435094e-02 1.773410289299695575e-02
-6.761515741686716097e-02 1.603865411725584680e-02
-6.964114147395909782e-02 1.475509541705948870e-02
-7.184749052917449585e-02 1.382553451604216430e-02
-7.418563420422648325e-02 1.319517452003218100e-02
-7.663283610212801022e-02 1.281867094643663815e-02
-7.918269203349824481e-02 1.266133928935930103e-02
-8.183915337893610253e-02 1.269839221466932851e-02
-8.461295253779677061e-02 1.291367233722271780e-02
-8.751956795370653686e-02 1.329848309395079142e-02
-9.057815419095320564e-02 1.385073095203941118e-02
-9.381107870934921045e-02 1.457443586862573227e-02
-9.724384968234613125e-02 1.547961739742295846e-02
-1.009053078954719740e-01 1.658256172195190711e-02
-1.048280085287695146e-01 1.790649464986182951e-02
-1.090487476175545367e-01 1.948271804076558145e-02
-1.136091996614379263e-01 2.135231114358969104e-02
-1.185566287004881925e-01 2.356855737989497698e-02
-1.239446115487285033e-01 2.620033828774769036e-02
-1.298336582557789443e-01 2.933685046827081214e-02
-1.362915096680908655e-01 3.309416381233514642e-02
-1.433926940252811255e-01 3.762437041175662605e-02
-1.512165569218646144e-01 4.312839715930789214e-02
-1.598422987719955446e-01 4.987398964181641997e-02
-1.693382970103942675e-01 5.822090554803904805e-02
-1.797406730001664121e-01 6.865585462807939632e-02
-1.910118145095087150e-01 8.183973923939748263e-02
-2.029618585289117982e-01 9.866796437863228908e-02
-2.151025051296078516e-01 1.203373212038514328e-01
-2.263801520365970599e-01 1.483900207590795883e-01
-2.347082442783065548e-01 1.846398778416049880e-01
-2.362345688759591444e-01 2.307204367587306348e-01
-2.245407301036314585e-01 2.866919219465227098e-01
-1.909355067188367450e-01 3.480477703639724418e-01
-1.285788579996995640e-01 4.021338371874914608e-01
-4.152543482532215086e-02 4.298606063634097252e-01
5.056102713669625298e-02 4.185574771870527178e-01
1.244291431814873450e-01 3.742738112703909992e-01
1.698165497467419294e-01 3.153868646527182573e-01
1.903359466818423940e-01 2.575941420272258031e-01
1.944922206420298672e-01 2.082265486941103361e-01
1.896048924145888326e-01 1.686702054275534268e-01
1.804037388648949414e-01 1.377758786462483787e-01
1.695610439994620633e-01 1.137846626403681699e-01
1.584704839390504716e-01 9.507399939062281813e-02
1.478083456554023789e-01 8.034818143647502742e-02
1.378684482878966278e-01 6.862835974326352007e-02
1.287475749347005427e-01 5.919010356767906433e-02
1.204447760927593175e-01 5.149956789986244454e-02
1.129136247023105194e-01 4.516182966401627308e-02
1.060893003623916975e-01 3.988236700999137768e-02
9.990230362060065206e-02 3.543926899823039711e-02
9.428508340900360052e-02 3.166342099633715629e-02
8.917491127576447629e-02 2.842440226322684796e-02
8.451476853439376935e-02 2.562043226161780235e-02
8.025318117124101425e-02 2.317121532607100201e-02
7.634351013861051527e-02 2.101293655001440150e-02
7.274302878196485522e-02 1.909497232278989376e-02
6.941214699849251879e-02 1.737808593119087933e-02
6.631435314880257392e-02 1.583387581044225570e-02
6.341766585186657534e-02 1.444480020593320521e-02
6.069799834177377201e-02 1.320313097707067132e-02
5.814298957791439598e-02 1.210662291545747983e-02
5.575240233172668730e-02 1.115073787029443979e-02
5.353220997791114516e-02 1.032188371014901816e-02
5.148557042552567853e-02 9.597276550346848026e-03
4.960755249162857039e-02 8.951007547850628118e-03
4.788611208720676415e-02 8.360460696285522408e-03
4.630613488917456610e-02 7.809053939472652278e-03
4.485290530118777458e-02 7.285707642891869722e-03
4.351381285127250281e-02 6.783082620403346925e-03
4.227873375580853965e-02 6.295934972369588052e-03
4.113979539457333218e-02 5.819984546122645638e-03
4.009097478690833855e-02 5.351232448657855696e-03
3.912772572769290802e-02 4.885560199596802357e-03
3.824668821547302228e-02 4.418472233463996944e-03
3.744547609536524879e-02 3.944891781458658049e-03
3.672252105968337732e-02 3.458954935671402098e-03
3.607694762509098402e-02 2.953766514141981624e-03
3.550845248889775152e-02 2.421088655129331486e-03
3.501715737991097782e-02 1.850932989434481406e-03
3.460339381268821152e-02 1.231022481734399569e-03
3.426735718577209044e-02 5.460816219751727730e-04
3.400853036117040817e-02 -2.230936509596863555e-04
3.382471320692181233e-02 -1.100836084564882009e-03
3.371038879210339761e-02 -2.118107795145624840e-03
3.365398670904740097e-02 -3.314258788473358266e-03
3.363334605781614223e-02 -4.738799055054871388e-03
3.360833876417750748e-02 -6.452453515588721378e-03
3.350931506171322960e-02 -8.525698599605670627e-03
3.322029482854879645e-02 -1.103085812938377729e-02
3.255815300933512235e-02 -1.402031683539593440e-02
3.125670877592432589e-02 -1.747973367084174057e-02
2.898164379552371772e-02 -2.124833229938164272e-02
2.542326331157525668e-02 -2.492642025740210432e-02
2.049925154117965970e-02 -2.785792915196931563e-02
1.457938268464902508e-02 -2.932238322648676038e-02
8.481189562906442034e-03 -2.892424701248174496e-02
3.102665670333375290e-03 -2.685939955952371810e-02
-1.014097868353176952e-03 -2.376690644919144876e-02
-3.804398361244582059e-03 -2.034034845340010680e-02
-5.505322114336474310e-03 -1.706403804180875103e-02
-6.436679367201081012e-03 -1.417524798855139545e-02
-6.877468900660124902e-03 -1.173972274253338999e-02
-7.030772752618515489e-03 -9.734745554296318423e-03
-7.030933333330297887e-03 -8.103736243488384242e-03
-6.961944636016878345e-03 -6.784338962889763583e-03
-6.874378437178797069e-03 -5.720309630386066074e-03
-6.797799458416834209e-03 -4.865273852796734091e-03
-6.749080833448026923e-03 -4.182973739112163386e-03
-6.737792931739356936e-03 -3.646280236149288066e-03
-6.769734359700926504e-03 -3.235979015587694702e-03
-6.849410117800582010e-03 -2.939716812326542174e-03
-6.982051586635782021e-03 -2.751195155146959632e-03
-7.175653774406268864e-03 -2.669520889306306859e-03
-7.443454467327479188e-03 -2.698438580885221053e-03
-7.807227930861631617e-03 -2.844868863833482139e-03
-8.301539276050444796e-03 -3.115656256293369841e-03
-8.978305862309261115e-03 -3.510691944629086569e-03
-9.908932619546177017e-03 -4.010122821010521366e-03
-1.117744568962349833e-02 -4.555068762403367659e-03
-1.285475606009282151e-02 -5.028839965458458197e-03
-1.495095422512264863e-02 -5.259828453738235599e-03
-1.737040164586589608e-02 -5.071587919320790297e-03
-1.992226388103779389e-02 -4.368677750397513722e-03
-2.240540303806407701e-02 -3.188326474599267879e-03
-2.470223975414835918e-02 -1.663899838025575516e-03
-2.680551613565611280e-02 6.086381567732470493e-05
-2.878180396366352214e-02 1.892843999208880090e-03
-3.072286483823983422e-02 3.803175366929595000e-03
-3.271548464907945292e-02 5.815060613871382914e-03
-3.483038029711105904e-02 7.988776128676459629e-03
-3.712058094904673727e-02 1.041344457525866622e-02
-3.962133249186483575e-02 1.320662076593349422e-02
-4.234660495108736461e-02 1.652028572949831506e-02
-4.527821310921988085e-02 2.055174243302718487e-02
-4.834217420734268633e-02 2.555742546558199130e-02
-5.136356943873907066e-02 3.186455695609920896e-02
-5.398703107434178056e-02 3.986625840954444860e-02
-5.555091930954977192e-02 4.996352518476095128e-02
-5.493058448891652290e-02 6.237638139290510586e-02
-5.047195565229135872e-02 7.671039225104316073e-02
-4.036459083015880855e-02 9.127752167560350405e-02
-2.389858180957133565e-02 1.027242218925647765e-01
-3.122623243762954418e-03 1.072126791998156276e-01
1.732539626879267547e-02 1.031953427358478781e-01
3.315045727749316856e-02 9.275724458353926116e-02
4.285259391878659674e-02 7.967827162854060341e-02
4.732101676254543005e-02 6.692604603967237942e-02
4.822410212404158736e-02 5.591691677192626997e-02
4.700951705925333207e-02 4.698001105681082895e-02
4.465536699191494097e-02 3.994644190616517682e-02
4.174642481140517641e-02 3.450117761935576205e-02
3.860715115911136225e-02 3.033549910349677553e-02
3.540617276443679823e-02 2.719629907876530001e-02
3.222353564102486967e-02 2.489319982145268145e-02
2.909093255307233436e-02 2.329201820930263192e-02
2.601547821789890538e-02 2.230592604515558783e-02
2.299451238090713390e-02 2.188812630777044535e-02
2.002635100318701789e-02 2.202683121927015777e-02
1.712043028076581930e-02 2.274198749735129033e-02
1.430960353380827249e-02 2.408211754902221322e-02
1.166684401596543297e-02 2.611792063334344993e-02
9.326992438076475364e-03 2.892622031915358452e-02
7.508653182553811159e-03 3.255374781867422657e-02
6.517387926377492431e-03 3.694957744266121752e-02
6.688784635248579136e-03 4.187250845468276639e-02
8.225012919817649426e-03 4.683688327007531210e-02
1.096187070220779568e-02 5.123233512479297841e-02
1.428636763327594331e-02 5.468669440530772585e-02
1.744488034835777954e-02 5.743673626868613796e-02
2.010529028439137292e-02 6.031018835806865180e-02
2.274657203904040248e-02 6.427016324420989357e-02
2.667651577062119320e-02 6.978274352067118103e-02
3.363148759261194026e-02 7.614544199483598563e-02
4.468487409601934468e-02 8.107254722457464535e-02
5.870092132427024573e-02 8.157161290830294842e-02
7.230589210302706960e-02 7.636897691308082436e-02
8.241226461122284908e-02 6.711121655308947831e-02
8.821513051978482900e-02 5.661350852799615363e-02
9.062745446911583957e-02 4.685146451501395748e-02
9.093807390541694402e-02 3.859365510678537670e-02
9.014552228982135318e-02 3.188712015137171868e-02
8.887238711373629529e-02 2.650580749638226097e-02
8.746775141202926818e-02 2.217535340254864554e-02
8.611491385928199405e-02 1.865372446713506674e-02
8.490436747799799677e-02 1.574871654916437311e-02
8.387677221518753667e-02 1.331370276835172964e-02
8.304686141867867466e-02 1.123821485785580533e-02
8.241642326587794720e-02 9.438927821660359277e-03
8.198126954880034789e-02 7.852441255246268501e-03
8.173494408663817268e-02 6.429865801582291748e-03
8.167067092813456997e-02 5.132862924631728142e-03
8.178235368680092376e-02 3.930763841573993965e-03
8.206506497467708217e-02 2.798461587458906958e-03
8.251526381853208081e-02 1.714847127050263135e-03
8.313086940170312522e-02 6.616237380501814808e-04
8.391125860884374177e-02 -3.776192128456788439e-04
8.485721957468660148e-02 -1.418158626848363022e-03
8.597087103846948186e-02 -2.474777891934018450e-03
8.725554046152320109e-02 -3.562338362710134893e-03
8.871557820443985720e-02 -4.696308048533981254e-03
9.035606853051765530e-02 -5.893250595417546048e-03
9.218238266196988884e-02 -7.171239631061587794e-03
9.419951600612216924e-02 -8.550095904196983523e-03
9.641119516332025130e-02 -1.005123213011401180e-02
9.881890897071304858e-02 -1.169674114503556697e-02
1.014214426956958626e-01 -1.350728571698164501e-02
1.042162498517050784e-01 -1.549870751561468682e-02
1.072046409620631691e-01 -1.767874738379118793e-02
1.104015873477419835e-01 -2.004804396231483696e-02
1.138457340156298070e-01 -2.261091361080752593e-02
1.175987998841695054e-01 -2.539530221880751532e-02
1.217271895872422127e-01 -2.846864335008080296e-02
1.262756274713337512e-01 -3.193377237385595230e-02
1.312529895832556248e-01 -3.590510487570908876e-02
1.366418679238117218e-01 -4.048031589622013565e-02
1.424319216076845862e-01 -4.572495805633992882e-02
1.486679032005040202e-01 -5.168975901566331965e-02
1.554807837044891172e-01 -5.847587517992567513e-02
1.630561999362756254e-01 -6.632302230150968758e-02
1.715425225698324063e-01 -7.565493163415558386e-02
1.809643140541272177e-01 -8.706026433721397728e-02
1.911770034007687080e-01 -1.012631836978812039e-01
2.018217363097754846e-01 -1.191296617277224079e-01
2.122177368251245977e-01 -1.416939770009062460e-01
2.211486687485940683e-01 -1.701440960143374426e-01
2.265240536772341051e-01 -2.056587032011593652e-01
2.249678417087626614e-01 -2.489064097951886045e-01
2.116208596970994560e-01 -2.989457102701804092e-01
1.809352182571134782e-01 -3.514910199039489869e-01
1.295393456383177877e-01 -3.976276022792547549e-01
6.064319456133918096e-02 -4.257461121835441897e-01
-1.453457995695803945e-02 -4.279764297835623732e-01
-8.231529713629084921e-02 -4.056464601901160760e-01
-1.340296366145835860e-01 -3.672691859617343013e-01
-1.678697723699813238e-01 -3.224003530123119021e-01
-1.862252841824529881e-01 -2.780181205562433644e-01
-1.929312121564235594e-01 -2.380793048276940160e-01
-1.917394960995012221e-01 -2.042341906244490857e-01
-1.856608334257939252e-01 -1.767001214594295100e-01
-1.768373870632451716e-01 -1.549953846100929900e-01
-1.666903594388410292e-01 -1.384200742324762090e-01
-1.561431008948332977e-01 -1.263044786746937431e-01
-1.458233391097301102e-01 -1.181087027538494927e-01
-1.362260893048046206e-01 -1.134417117771595596e-01
-1.278471357884167214e-01 -1.120305651267846786e-01
-1.212950258042686524e-01 -1.136404195043454607e-01
-1.173681255242101373e-01 -1.179264689190866189e-01
-1.170394311351969224e-01 -1.242014544221714811e-01
-1.212373677675269990e-01 -1.311640343284380672e-01
-1.303299269913393010e-01 -1.367907109043613456e-01
-1.434749606950216083e-01 -1.387377337205224770e-01
-1.584312497225664473e-01 -1.353467275858469820e-01
-1.723510102081454165e-01 -1.265858573175057122e-01
-1.830832584860273005e-01 -1.139939968846915286e-01
-1.898767283088722557e-01 -9.969223453599188045e-02
-1.931282086886870197e-01 -8.542004828689787888e-02
-1.937387408715892656e-01 -7.217885354710724954e-02
-1.926244285955657498e-01 -6.034217232544511478e-02
-1.905045889201648635e-01 -4.990025500143660531e-02
-1.878672054829790272e-01 -4.065936013881158578e-02
-1.850027341711798778e-01 -3.236121767372992369e-02
-1.820474393905932020e-01 -2.474444019542158119e-02
-1.790153551720089498e-01 -1.757661975011142949e-02
-1.758173533344199457e-01 -1.067953334461354230e-02
-1.722767776232274894e-01 -3.962887934673330059e-03
-1.681613716288169746e-01 2.527305241470237124e-03
-1.632589520799850313e-01 8.560087766747085172e-03
-1.575103989102680513e-01 1.372025715156309673e-02
-1.511512633627170310e-01 1.752718167977854527e-02
-1.447334005291567582e-01 1.967125372333740352e-02
-1.389360270448911638e-01 2.021606756254013329e-02
-1.342775061829899752e-01 1.958275100836816274e-02
-1.309542239535177732e-01 1.833561555513243610e-02
-1.288838406403828019e-01 1.696329337016239114e-02
-1.278451683479109036e-01 1.578443270712799953e-02
-1.275958103279141442e-01 1.496137775162372820e-02
-1.279302819019767501e-01 1.455374616173187897e-02
-1.286938970830131257e-01 1.456784246000704906e-02
-1.297757610950394103e-01 1.498900554541567759e-02
-1.310955537104277757e-01 1.579869335214278969e-02
-1.325905426823731359e-01 1.698108926159359530e-02
-1.342050672857468541e-01 1.852276924483418907e-02
-1.358836198491190084e-01 2.040726097342402193e-02
-1.375693247353315940e-01 2.260564606019337813e-02
-1.392108065807411144e-01 2.506562131827815357e-02
-1.407799900159741047e-01 2.770506296438125446e-02
-1.422981073751242720e-01 3.042009107854696734e-02
-1.438567123210159338e-01 3.311535681454713664e-02
-1.456139255494368900e-01 3.574976866832144801e-02
-1.477577440465225322e-01 3.837286881895754509e-02
-1.504540700476495185e-01 4.112828234612632416e-02
-1.538093944069156283e-01 4.422563661398055262e-02
-1.578629158446520908e-01 4.790435844593710080e-02
-1.625998782314707070e-01 5.241146845772296642e-02
-1.679684830395337947e-01 5.800016406577444134e-02
-1.738869652060707482e-01 6.494394622576522835e-02
-1.802347103773345727e-01 7.355783178091801489e-02
-1.868247802672228508e-01 8.421962896350258798e-02
-1.933543711399718368e-01 9.738477376309617739e-02
-1.993271213533861774e-01 1.135842564548079636e-01
-2.039408049037125248e-01 1.333842621142180551e-01
-2.059433850247030795e-01 1.572664662123579860e-01
-2.034955557345727306e-01 1.853631281307262513e-01
-1.941631910785867332e-01 2.169779233393799578e-01
-1.753001439423586272e-01 2.499232876325279407e-01
-1.451374897476740700e-01 2.800319619256192438e-01
-1.044851483368439832e-01 3.016703304601089930e-01
-5.786753101450634040e-02 3.099208998021292794e-01
-1.236449556870603504e-02 3.034438615214847812e-01
2.569899119668659845e-02 2.854378934470782059e-01
5.351132289997317937e-02 2.616576872008686827e-01
7.202372489992560356e-02 2.374489544064001256e-01
8.443961558468439377e-02 2.158959810129297274e-01
9.434778618636864567e-02 1.973116225088381859e-01
1.039104889379009050e-01 1.797541664423363272e-01
1.126680297224790656e-01 1.608748033864590976e-01
1.184906758323322484e-01 1.402435329721204715e-01
1.200766432272393214e-01 1.195137225060176611e-01
1.179041257452980440e-01 1.005337169420912058e-01
1.132825120233109384e-01 8.414641875493879264e-02
1.073818797264671360e-01 7.031678921123765691e-02
1.009263871739282947e-01 5.862361584152082916e-02
9.424373906765218245e-02 4.859033741432142867e-02
8.738828511905012697e-02 3.984485142415761239e-02
8.026213015394463579e-02 3.220056692740785181e-02
7.275352852322705677e-02 2.569267306937588272e-02
6.489804467749692163e-02 2.052905867234534887e-02
5.697624933832480532e-02 1.691528747735238092e-02
4.942678567020568348e-02 1.484889321326863729e-02
4.262390790468437163e-02 1.407826911686573847e-02
3.673783713459041061e-02 1.425619051327104390e-02
3.178066263869450819e-02 1.511076923428254955e-02
2.774721847555573079e-02 1.649867711791442801e-02
2.474117952089655015e-02 1.833696935664541616e-02
2.302634745385678805e-02 2.044184615940575211e-02
2.292045345717733801e-02 2.230715772602460262e-02
2.442023408056979289e-02 2.298942944223680146e-02
2.670590428312337450e-02 2.146938133039166460e-02
2.821012900995130759e-02 1.751689384499737281e-02
2.758668576834912706e-02 1.211506458004859600e-02
2.455791888132432405e-02 6.779911393436251904e-03
1.977066988749443324e-02 2.624181472389959784e-03
1.414778963533157297e-02 3.764076677035194308e-05
8.417420912069416630e-03 -1.118070760648409148e-03
2.967909799241089889e-03 -1.190643230612659087e-03
-2.089680733683579612e-03 -5.009599390077274081e-04
-6.780492624149687605e-03 7.640149283171995126e-04
-1.113010950617714274e-02 2.545243582808539694e-03
-1.509045302978108058e-02 4.831007692447420593e-03
-1.855258820188747729e-02 7.568588264361065382e-03
-2.140774383260685490e-02 1.063051807268668332e-02
-2.359412054549074253e-02 1.382766839768562531e-02
-2.512756877918132306e-02 1.692634589083485963e-02
-2.614628335216874835e-02 1.968136884452625565e-02
-2.693626041873577875e-02 2.192772681048966651e-02
-2.785902940999081256e-02 2.369100275779455200e-02
-2.920090765305374120e-02 2.519960036218906602e-02
-3.107598063297744434e-02 2.677691965004614164e-02
-3.344529632492290738e-02 2.872546869680714376e-02
-3.618664076858083001e-02 3.128528995905921484e-02
-3.914028190942667879e-02 3.465152513987890953e-02
-4.211062737065113942e-02 3.900488675299911695e-02
-4.483437588377357091e-02 4.452406101735601612e-02
-4.693247673910246748e-02 5.136230747078272818e-02
-4.786924518164242803e-02 5.957619547528278381e-02
-4.695261779044798689e-02 6.900317766666841379e-02
-4.342409934768351465e-02 7.910329213300297535e-02
-3.669887142261177293e-02 8.883001877141445679e-02
-2.676180336341487526e-02 9.668970743202388862e-02
-1.452236582704194076e-02 1.011692648431057329e-01
-1.737927434194354737e-03 1.014392633158152368e-01
9.647924854974740741e-03 9.781863032616873455e-02
1.829934089433921801e-02 9.156551557525685614e-02
2.381243990497503016e-02 8.421243469443419338e-02
2.650088626266377395e-02 7.700957683597774162e-02
2.699973405794471940e-02 7.073783375691163056e-02
2.597556260898807937e-02 6.578302046875704467e-02
2.400153394398030562e-02 6.228457237299932225e-02
2.154107350238758378e-02 6.025638906943307782e-02
1.897750816837149787e-02 5.965556478787115147e-02
1.665186378371083520e-02 6.040671964983625880e-02
1.488919184032321333e-02 6.239576558766929404e-02
1.400185546864688400e-02 6.544864317737876525e-02
1.426618298774790308e-02 6.931618957610415077e-02
1.588780108438002034e-02 7.368878855679601714e-02
1.899593944098108486e-02 7.824269923717258601e-02
2.369904234645779303e-02 8.266601953263620628e-02
3.015233478565571348e-02 8.658261904923088281e-02
3.849055558668082466e-02 8.938445604584822901e-02
4.853792653144377300e-02 9.017445984618203958e-02
5.949645041112881783e-02 8.806551630865233626e-02
7.003090669988457084e-02 8.273335712058201008e-02
7.884146766765501302e-02 7.469609984179663431e-02
8.522131433702120895e-02 6.500825919235103667e-02
8.913681277260754321e-02 5.470634274899298377e-02
9.093167460607376462e-02 4.447689743553381869e-02
9.099646922294309104e-02 3.464291696048385494e-02
8.957923147142410336e-02 2.531994027212933901e-02
8.674681575282637558e-02 1.661076744495793359e-02
8.247749764929745986e-02 8.771609976831589231e-03
7.686998256273765151e-02 2.271693337238531781e-03
7.036983839825915188e-02 -2.360053870234158583e-03
6.378283044837652904e-02 -4.877216884042274471e-03
5.795679160368373550e-02 -5.551800433730039695e-03
5.339885599252250370e-02 -5.039417227084572529e-03
5.017413417237097384e-02 -4.030259742323914589e-03
4.806967034647006282e-02 -3.014155644541792901e-03
4.679521362018244229e-02 -2.249908545497565204e-03
4.609593642938426827e-02 -1.836478277924562816e-03
4.578416167021933519e-02 -1.790240336046276977e-03
4.573224289220989558e-02 -2.095794394691383091e-03
4.585487949803114527e-02 -2.732139187800181838e-03
4.609243537596726531e-02 -3.683428104458206283e-03
4.639825119397006370e-02 -4.941308393889596445e-03
4.673021509802420537e-02 -6.502660490986078567e-03
4.704682329163857590e-02 -8.364792025065601738e-03
4.730859830125851151e-02 -1.052023908845948347e-02
4.748523380744180261e-02 -1.295506401829758444e-02
4.756534453887358016e-02 -1.565611174610428633e-02
4.755975117800561452e-02 -1.862990150060284469e-02
4.748719442723916412e-02 -2.192615935452041712e-02
4.734061899598108331e-02 -2.564968102269179345e-02
4.704686176505797068e-02 -2.994799846033761870e-02
4.643597033167524285e-02 -3.497686605571114632e-02
4.522645875444281094e-02 -4.085271747273755416e-02
4.302672757040117840e-02 -4.759473828003455559e-02
3.936129972432645535e-02 -5.505324304133050323e-02
3.374537316108505713e-02 -6.283172407974228768e-02
2.583172845721768557e-02 -7.024183355980916088e-02
1.561389726251033103e-02 -7.636604780456091035e-02
3.584519628799387545e-03 -8.028823829632586451e-02
-9.308608942048006776e-03 -8.143513453016580639e-02
-2.197007274371945429e-02 -7.981927894423264391e-02
-3.356414583103001226e-02 -7.598475585792031917e-02
-4.374837092355881446e-02 -7.068356274821969987e-02
-5.260233209378174790e-02 -6.451740591983488871e-02
-6.034949912641541375e-02 -5.777597634715520708e-02
-6.710134384699417698e-02 -5.054184974511607281e-02
-7.282115827068590119e-02 -4.292023281661812989e-02
-7.748530317684071411e-02 -3.514711385346915712e-02
-8.122045708587456725e-02 -2.749907984942785016e-02
-8.428901585129998375e-02 -2.015677326583325754e-02
-8.699545289320721742e-02 -1.315247785881428627e-02
-8.961409319467758539e-02 -6.391393387185388339e-03
-9.236168162886988775e-02 3.119390653819931235e-04
-9.539340389694321576e-02 7.213314864395363631e-03
-9.879984879743723691e-02 1.463810688547295333e-02
-1.025914404048699491e-01 2.299493479390178619e-02
-1.066583633123921460e-01 3.279866039557981922e-02
-1.106863137225355398e-01 4.469277148326292193e-02
-1.139972510800324051e-01 5.943974227474255190e-02
-1.152859372992658116e-01 7.779331050180630924e-02
-1.122951609499980991e-01 1.000628441525827916e-01
-1.017629813771121078e-01 1.251024221963252803e-01
-8.056710494682185753e-02 1.488594422169768894e-01
-4.889885535287379070e-02 1.642483459555222902e-01
-1.306553987459736776e-02 1.651523250240639340e-01
1.754668891050320187e-02 1.520688040059856305e-01
3.740026214039456759e-02 1.315442232257371391e-01
4.684209474399953638e-02 1.103536518481690043e-01
4.900230603103757770e-02 9.218509552708521737e-02
4.695416321892211670e-02 7.809332601624756343e-02
4.282259758489364437e-02 6.788753367105222758e-02
3.790754175361537442e-02 6.102686773811298593e-02
3.302096173436745025e-02 5.698820478712875864e-02
2.877122056609209347e-02 5.534153800928828110e-02
2.575142602271997261e-02 5.567000961157045347e-02
2.460104372701835823e-02 5.738138515613520896e-02
2.584657807523906697e-02 5.948012889202837494e-02
2.945663428066605874e-02 6.054281550479315155e-02
3.440694271553173395e-02 5.924066274221606587e-02
3.894301736593757529e-02 5.521568306259333481e-02
4.159555874168557876e-02 4.934536947031019360e-02
4.191051107525359254e-02 4.303406721811586788e-02
4.029732422403699971e-02 3.738085362090481228e-02
3.747647042833247150e-02 3.288310754215961751e-02
3.406259855985113022e-02 2.957106500946123789e-02
3.041317447121111295e-02 2.726837884486903868e-02
2.665978455894229063e-02 2.579770326216927062e-02
2.281110795735914396e-02 2.508873804120286682e-02
1.887172668464460329e-02 2.520945550876121932e-02
1.495964293962806155e-02 2.632340188355951002e-02
1.137013421377496523e-02 2.855873007459209384e-02
8.497063544693367679e-03 3.185643059224863016e-02
6.646780716744981644e-03 3.596443150599443889e-02
5.961825557981751539e-03 4.060504946387429731e-02
6.553306668798594692e-03 4.559042206636217814e-02
8.656902844720202814e-03 5.072198335504358307e-02
1.260507074204296127e-02 5.556744638103265632e-02
1.857299244919881354e-02 5.931698814771570183e-02
2.621004523228856811e-02 6.090859831732788748e-02
3.444248622876295435e-02 5.949686330240474413e-02
4.175960476129565030e-02 5.500174947084052884e-02
4.687864334419695328e-02 4.823305732742044771e-02
4.923652614197616961e-02 4.046017002265363954e-02
4.897972277520910855e-02 3.285266788328090187e-02
4.664396396045143028e-02 2.618677621686697765e-02
4.283686191547741995e-02 2.084814060120785892e-02
3.807234613646611615e-02 1.698253666236450299e-02
3.276244099666678761e-02 1.464619284427466292e-02
2.728825252676319452e-02 1.386690477451541122e-02
2.205200847712078874e-02 1.461810295255584410e-02
1.746815275099952020e-02 1.677244710910805181e-02
1.392406438993942785e-02 2.008575828508862848e-02
1.175159452825858854e-02 2.420033843004196911e-02
1.120033116474565549e-02 2.863252904408038202e-02
1.236482024311440567e-02 3.275379207160812600e-02
1.505252542796928564e-02 3.584110058420670458e-02
1.868548373861149067e-02 3.727046576904349123e-02
2.239396416404518947e-02 3.678893227477129241e-02
2.532366063024618988e-02 3.464306190959605403e-02
2.693786740635343777e-02 3.142847544405686505e-02
2.709629687454981339e-02 2.779904172252223998e-02
2.593273783909659166e-02 2.426111292439302528e-02
2.369143773631136873e-02 2.112195428929553379e-02
2.062062163835320580e-02 1.852390238346708629e-02
1.692111355176463203e-02 1.648822646928937291e-02
1.270866906536152058e-02 1.494637105813458045e-02
7.964806930484458203e-03 1.378129171214084910e-02
2.489702560981046659e-03 1.291298849328511092e-02
-4.093869692720527621e-03 1.244087442655176720e-02
-1.221997264986381983e-02 1.280431025650691224e-02
-2.211490002203996344e-02 1.484499135490341751e-02
-3.350391100700057107e-02 1.962845660859366057e-02
-4.554920905314410046e-02 2.805985482382842081e-02
-5.712538557487582824e-02 4.061775589372498829e-02
-6.712848333153272062e-02 5.746815834733339651e-02
-7.443037017112615061e-02 7.876751190018518867e-02
-7.745729522998770489e-02 1.047185253762482338e-01
-7.370547468976167138e-02 1.350647268911892851e-01
-5.974899269438144200e-02 1.679086672193587926e-01
-3.264420156658423555e-02 1.982880717484275246e-01
6.824202663265843856e-03 2.183812682734784238e-01
5.163257237024250490e-02 2.216205152145590551e-01
9.148268621262160838e-02 2.081461928326651112e-01
1.195431321560598836e-01 1.846793719595128669e-01
1.351866635377363679e-01 1.590592794910916929e-01
1.414801211310788842e-01 1.363099482822004715e-01
1.421032902980368107e-01 1.184395012611529213e-01
1.400144612743870753e-01 1.057046374774295028e-01
1.373574916325502049e-01 9.762336470377268316e-02
1.357524985632833081e-01 9.340862124495200036e-02
1.365226722704990792e-01 9.198915105653175661e-02
1.406557237210422640e-01 9.185108587486408294e-02
1.484421071777748402e-01 9.100875057742674468e-02
1.590387255609781170e-01 8.744793698181377306e-02
1.705542750096741000e-01 7.999030771095605452e-02
1.809206525905529550e-01 6.883336608151360836e-02
1.888504128099466328e-01 5.516046314675354667e-02
1.940614109121828468e-01 4.026577651286772364e-02
1.968582099912359884e-01 2.498975240979890711e-02
1.976259313986935828e-01 9.659513333654258516e-03
1.965254302102579509e-01 -5.701535528611955186e-03
1.933927242057351670e-01 -2.109402911596211169e-02
1.878069090329334001e-01 -3.626071718760265350e-02
1.793516821155114738e-01 -5.046558168487255691e-02
1.680590275211435447e-01 -6.250766681273244030e-02
1.547839684488412915e-01 -7.115338875878805813e-02
1.410841933792178760e-01 -7.580987413361789384e-02
1.285720264559174764e-01 -7.685650320150755332e-02
1.183002185817532137e-01 -7.535903223753703806e-02
1.106058990802177566e-01 -7.253685513389117323e-02
1.052976680292048994e-01 -6.939247468603400304e-02
1.019269422672419434e-01 -6.657897238698723408e-02
1.000098643173083363e-01 -6.443370103422753348e-02
9.914075141887321307e-02 -6.309573429800079125e-02
9.899394987066725826e-02 -6.260489368303416569e-02
9.930138987271149020e-02 -6.291818360038640978e-02
9.989664875660826671e-02 -6.390228531442850024e-02
1.007917490151554740e-01 -6.540600047798793282e-02
1.021705581307269239e-01 -6.741009221789441563e-02
1.042555522286110203e-01 -7.013809107731798498e-02
1.071370102277184044e-01 -7.403907050480412755e-02
1.106739826786665437e-01 -7.968202724633771661e-02
1.144737280920357231e-01 -8.765909276000051487e-02
1.178781884767535898e-01 -9.853206799579077024e-02
1.199012615645200508e-01 -1.127749163754459827e-01
1.191226151002344469e-01 -1.306264581931046720e-01
1.136261969605166372e-01 -1.517654933691402197e-01
1.011920144104089814e-01 -1.747843810705941303e-01
8.004713637005166083e-02 -1.966813813767708252e-01
5.024192508873336072e-02 -2.130375330853108151e-01
1.480321244807946898e-02 -2.196034813220637538e-01
-2.091375751175101119e-02 -2.147058662816611063e-01
-5.182319276326639856e-02 -2.002440432638930567e-01
-7.535053976322393654e-02 -1.801884472033936646e-01
-9.153601098939509462e-02 -1.583077183547070277e-01
-1.017793443272683174e-01 -1.370338555547981896e-01
-1.077038175897744587e-01 -1.175430947221122596e-01
-1.106574702621002798e-01 -1.002706531779174598e-01
-1.116753595121042775e-01 -8.534508251354189223e-02
-1.116331885834902504e-01 -7.280772579228467212e-02
-1.114363113077340983e-01 -6.264631133973282140e-02
-1.121884054138394260e-01 -5.467005012458810154e-02
-1.152642001506290620e-01 -4.817715430125417420e-02
-1.220080290874588913e-01 -4.140128371407444940e-02
