-2.296752184525465701e-01
-2.224971518224109213e-01
-2.156254180902940076e-01
-2.090416888081683966e-01
-2.027289129550467750e-01
-1.966712077010627779e-01
-1.908537595285569322e-01
-1.852627345758048327e-01
-1.798851972027444568e-01
-1.747090358943288180e-01
-1.697228957182600750e-01
-1.649161166415988033e-01
-1.602786770873556310e-01
-1.558011421788988438e-01
-1.514746161779914058e-01
-1.472906986729662915e-01
-1.432414441175708653e-01
-1.393193243592081298e-01
-1.355171938284358280e-01
-1.318282570900839445e-01
-1.282460384806847764e-01
-1.247643535776004342e-01
-1.213772822622762870e-01
-1.180791431540750558e-01
-1.148644692019098607e-01
-1.117279842287975666e-01
-1.086645802293629420e-01
-1.056692952223268200e-01
-1.027372914588324110e-01
-9.986383378317179038e-02
-9.704426793453981015e-02
-9.427399856670018452e-02
-9.154846674643503379e-02
-8.886312667047741032e-02
-8.621342131400006048e-02
-8.359475669024976630e-02
-8.100247435970771293e-02
-7.843182177661577048e-02
-7.587791999909898610e-02
-7.333572821434469757e-02
-7.080000443949366340e-02
-6.826526164922441797e-02
-6.572571844817350073e-02
-6.317524324614064157e-02
-6.060729070082596093e-02
-5.801482896052875121e-02
-5.539025596097080922e-02
-5.272530269885101345e-02
-5.001092101339050383e-02
-4.723715295140047676e-02
-4.439297827223993159e-02
-4.146613607847277061e-02
-3.844291597042764214e-02
-3.530791359317133477e-02
-3.204374512371187950e-02
-2.863071542363042690e-02
-2.504643579632299250e-02
-2.126539053272467894e-02
-1.725845852681168191e-02
-1.299241053802265879e-02
-8.429430339207486661e-03
-3.526760463570590212e-03
1.763328014500881169e-03
7.492856761573416305e-03
1.371601821282990470e-02
2.048421461125181364e-02
2.783560490208196458e-02
3.577411478480007484e-02
4.422835928673578970e-02
5.297270126830530557e-02
6.147886915180112571e-02
6.864850892454023301e-02
7.237449143874236102e-02
6.897827505893260047e-02
5.300844212800823879e-02
1.886902549836989504e-02
-3.406420748159411094e-02
-9.603182043910746257e-02
-1.507423949157789544e-01
-1.874390102297078253e-01
-2.058253967594853295e-01
-2.111510780408636934e-01
-2.088875839407654256e-01
-2.028394493519810049e-01
-1.952324707148601901e-01
-1.872514967481507253e-01
-1.794829200807874225e-01
-1.721906352572553089e-01
-1.654713681410638071e-01
-1.593383141671116388e-01
-1.537652053888770576e-01
-1.487091740008014973e-01
-1.441223843297785578e-01
-1.399577457395024815e-01
-1.361715233334187813e-01
-1.327243414616409989e-01
-1.295813748627934192e-01
-1.267121496961008953e-01
-1.240901773415579584e-01
-1.216925366865951041e-01
-1.194994629615441367e-01
-1.174939703051389867e-01
-1.156615189242077707e-01
-1.139897293360019603e-01
-1.124681421247073904e-01
-1.110880199091018039e-01
-1.098421876961994254e-01
-1.087249078588395923e-01
-1.077317862518827607e-01
-1.068597062216082860e-01
-1.061067872452577943e-01
-1.054723643922652748e-01
-1.049569833099143895e-01
-1.045624022982624413e-01
-1.042915870073723300e-01
-1.041486721337525206e-01
-1.041388441773560269e-01
-1.042680624880208407e-01
-1.045424689927532125e-01
-1.049672153902176386e-01
-1.055442150797321066e-01
-1.062679252790133810e-01
-1.071175479559836885e-01
-1.080428137771521357e-01
-1.089386369616123645e-01
-1.096018660059940170e-01
-1.096642261171181659e-01
-1.085106956106897252e-01
-1.052493790100314380e-01
-9.891961983585592644e-02
-8.917363603616301759e-02
-7.716922935273580475e-02
-6.546766453329498636e-02
-5.641999373348272062e-02
-5.081584602112144966e-02
-4.811935623145932595e-02
-4.737497382339087709e-02
-4.776503145983505838e-02
-4.874285276874460587e-02
-4.998476308584150901e-02
-5.131272052907499132e-02
-5.263475610388307357e-02
-5.390726988891447746e-02
-5.511300604411125542e-02
-5.624865505105605679e-02
-5.731800734899267225e-02
-5.832822365880183102e-02
-5.928783630480814748e-02
-6.020570790110092718e-02
-6.109051803157535682e-02
-6.195053962615756915e-02
-6.279357252548169177e-02
-6.362696042011635467e-02
-6.445764998113813482e-02
-6.529226906432637756e-02
-6.613721062380782667e-02
-6.699871375414177821e-02
-6.788293475422126078e-02
-6.879599986106788023e-02
-6.974402707745193386e-02
-7.073309614155176561e-02
-7.176913070701720909e-02
-7.285763071277216729e-02
-7.400314778241473546e-02
-7.520831868219980676e-02
-7.647213898981390645e-02
-7.778693761962711395e-02
-7.913316384077824506e-02
-8.047061933406872425e-02
-8.172435449125158013e-02
-8.276399072416901204e-02
-8.337946577026432438e-02
-8.326995169023312937e-02
-8.209008836365686013e-02
-7.961341500780010072e-02
-7.598826606217359836e-02
-7.185584548010286177e-02
-6.809903978952247527e-02
-6.540059803920565684e-02
-6.400763462479888699e-02
-6.380475535241540708e-02
-6.451521926592000689e-02
-6.585791769701435094e-02
-6.761515741686716097e-02
-6.964114147395909782e-02
-7.184749052917449585e-02
-7.418563420422648325e-02
-7.663283610212801022e-02
-7.918269203349824481e-02
-8.183915337893610253e-02
-8.461295253779677061e-02
-8.751956795370653686e-02
-9.057815419095320564e-02
-9.381107870934921045e-02
-9.724384968234613125e-02
-1.009053078954719740e-01
-1.048280085287695146e-01
-1.090487476175545367e-01
-1.136091996614379263e-01
-1.185566287004881925e-01
-1.239446115487285033e-01
-1.298336582557789443e-01
-1.362915096680908655e-01
-1.433926940252811255e-01
-1.512165569218646144e-01
-1.598422987719955446e-01
-1.693382970103942675e-01
-1.797406730001664121e-01
-1.910118145095087150e-01
-2.029618585289117982e-01
-2.151025051296078516e-01
-2.263801520365970599e-01
-2.347082442783065548e-01
-2.362345688759591444e-01
-2.245407301036314585e-01
-1.909355067188367450e-01
-1.285788579996995640e-01
-4.152543482532215086e-02
5.056102713669625298e-02
1.244291431814873450e-01
1.698165497467419294e-01
1.903359466818423940e-01
1.944922206420298672e-01
1.896048924145888326e-01
1.804037388648949414e-01
1.695610439994620633e-01
1.584704839390504716e-01
1.478083456554023789e-01
1.378684482878966278e-01
1.287475749347005427e-01
1.204447760927593175e-01
1.129136247023105194e-01
1.060893003623916975e-01
9.990230362060065206e-02
9.428508340900360052e-02
8.917491127576447629e-02
8.451476853439376935e-02
8.025318117124101425e-02
7.634351013861051527e-02
7.274302878196485522e-02
6.941214699849251879e-02
6.631435314880257392e-02
6.341766585186657534e-02
6.069799834177377201e-02
5.814298957791439598e-02
5.575240233172668730e-02
5.353220997791114516e-02
5.148557042552567853e-02
4.960755249162857039e-02
4.788611208720676415e-02
4.630613488917456610e-02
4.485290530118777458e-02
4.351381285127250281e-02
4.227873375580853965e-02
4.113979539457333218e-02
4.009097478690833855e-02
3.912772572769290802e-02
3.824668821547302228e-02
3.744547609536524879e-02
3.672252105968337732e-02
3.607694762509098402e-02
3.550845248889775152e-02
3.501715737991097782e-02
3.460339381268821152e-02
3.426735718577209044e-02
3.400853036117040817e-02
3.382471320692181233e-02
3.371038879210339761e-02
3.365398670904740097e-02
3.363334605781614223e-02
3.360833876417750748e-02
3.350931506171322960e-02
3.322029482854879645e-02
3.255815300933512235e-02
3.125670877592432589e-02
2.898164379552371772e-02
2.542326331157525668e-02
2.049925154117965970e-02
1.457938268464902508e-02
8.481189562906442034e-03
3.102665670333375290e-03
-1.014097868353176952e-03
-3.804398361244582059e-03
-5.505322114336474310e-03
-6.436679367201081012e-03
-6.877468900660124902e-03
-7.030772752618515489e-03
-7.030933333330297887e-03
-6.961944636016878345e-03
-6.874378437178797069e-03
-6.797799458416834209e-03
-6.749080833448026923e-03
-6.737792931739356936e-03
-6.769734359700926504e-03
-6.849410117800582010e-03
-6.982051586635782021e-03
-7.175653774406268864e-03
-7.443454467327479188e-03
-7.807227930861631617e-03
-8.301539276050444796e-03
-8.978305862309261115e-03
-9.908932619546177017e-03
-1.117744568962349833e-02
-1.285475606009282151e-02
-1.495095422512264863e-02
-1.737040164586589608e-02
-1.992226388103779389e-02
-2.240540303806407701e-02
-2.470223975414835918e-02
-2.680551613565611280e-02
-2.878180396366352214e-02
-3.072286483823983422e-02
-3.271548464907945292e-02
-3.483038029711105904e-02
-3.712058094904673727e-02
-3.962133249186483575e-02
-4.234660495108736461e-02
-4.527821310921988085e-02
-4.834217420734268633e-02
-5.136356943873907066e-02
-5.398703107434178056e-02
-5.555091930954977192e-02
-5.493058448891652290e-02
-5.047195565229135872e-02
-4.036459083015880855e-02
-2.389858180957133565e-02
-3.122623243762954418e-03
1.732539626879267547e-02
3.315045727749316856e-02
4.285259391878659674e-02
4.732101676254543005e-02
4.822410212404158736e-02
4.700951705925333207e-02
4.465536699191494097e-02
4.174642481140517641e-02
3.860715115911136225e-02
3.540617276443679823e-02
3.222353564102486967e-02
2.909093255307233436e-02
2.601547821789890538e-02
2.299451238090713390e-02
2.002635100318701789e-02
1.712043028076581930e-02
1.430960353380827249e-02
1.166684401596543297e-02
9.326992438076475364e-03
7.508653182553811159e-03
6.517387926377492431e-03
6.688784635248579136e-03
8.225012919817649426e-03
1.096187070220779568e-02
1.428636763327594331e-02
1.744488034835777954e-02
2.010529028439137292e-02
2.274657203904040248e-02
2.667651577062119320e-02
3.363148759261194026e-02
4.468487409601934468e-02
5.870092132427024573e-02
7.230589210302706960e-02
8.241226461122284908e-02
8.821513051978482900e-02
9.062745446911583957e-02
9.093807390541694402e-02
9.014552228982135318e-02
8.887238711373629529e-02
8.746775141202926818e-02
8.611491385928199405e-02
8.490436747799799677e-02
8.387677221518753667e-02
8.304686141867867466e-02
8.241642326587794720e-02
8.198126954880034789e-02
8.173494408663817268e-02
8.167067092813456997e-02
8.178235368680092376e-02
8.206506497467708217e-02
8.251526381853208081e-02
8.313086940170312522e-02
8.391125860884374177e-02
8.485721957468660148e-02
8.597087103846948186e-02
8.725554046152320109e-02
8.871557820443985720e-02
9.035606853051765530e-02
9.218238266196988884e-02
9.419951600612216924e-02
9.641119516332025130e-02
9.881890897071304858e-02
1.014214426956958626e-01
1.042162498517050784e-01
1.072046409620631691e-01
1.104015873477419835e-01
1.138457340156298070e-01
1.175987998841695054e-01
1.217271895872422127e-01
1.262756274713337512e-01
1.312529895832556248e-01
1.366418679238117218e-01
1.424319216076845862e-01
1.486679032005040202e-01
1.554807837044891172e-01
1.630561999362756254e-01
1.715425225698324063e-01
1.809643140541272177e-01
1.911770034007687080e-01
2.018217363097754846e-01
2.122177368251245977e-01
2.211486687485940683e-01
2.265240536772341051e-01
2.249678417087626614e-01
2.116208596970994560e-01
1.809352182571134782e-01
1.295393456383177877e-01
6.064319456133918096e-02
-1.453457995695803945e-02
-8.231529713629084921e-02
-1.340296366145835860e-01
-1.678697723699813238e-01
-1.862252841824529881e-01
-1.929312121564235594e-01
-1.917394960995012221e-01
-1.856608334257939252e-01
-1.768373870632451716e-01
-1.666903594388410292e-01
-1.561431008948332977e-01
-1.458233391097301102e-01
-1.362260893048046206e-01
-1.278471357884167214e-01
-1.212950258042686524e-01
-1.173681255242101373e-01
-1.170394311351969224e-01
-1.212373677675269990e-01
-1.303299269913393010e-01
-1.434749606950216083e-01
-1.584312497225664473e-01
-1.723510102081454165e-01
-1.830832584860273005e-01
-1.898767283088722557e-01
-1.931282086886870197e-01
-1.937387408715892656e-01
-1.926244285955657498e-01
-1.905045889201648635e-01
-1.878672054829790272e-01
-1.850027341711798778e-01
-1.820474393905932020e-01
-1.790153551720089498e-01
-1.758173533344199457e-01
-1.722767776232274894e-01
-1.681613716288169746e-01
-1.632589520799850313e-01
-1.575103989102680513e-01
-1.511512633627170310e-01
-1.447334005291567582e-01
-1.389360270448911638e-01
-1.342775061829899752e-01
-1.309542239535177732e-01
-1.288838406403828019e-01
-1.278451683479109036e-01
-1.275958103279141442e-01
-1.279302819019767501e-01
-1.286938970830131257e-01
-1.297757610950394103e-01
-1.310955537104277757e-01
-1.325905426823731359e-01
-1.342050672857468541e-01
-1.358836198491190084e-01
-1.375693247353315940e-01
-1.392108065807411144e-01
-1.407799900159741047e-01
-1.422981073751242720e-01
-1.438567123210159338e-01
-1.456139255494368900e-01
-1.477577440465225322e-01
-1.504540700476495185e-01
-1.538093944069156283e-01
-1.578629158446520908e-01
-1.625998782314707070e-01
-1.679684830395337947e-01
-1.738869652060707482e-01
-1.802347103773345727e-01
-1.868247802672228508e-01
-1.933543711399718368e-01
-1.993271213533861774e-01
-2.039408049037125248e-01
-2.059433850247030795e-01
-2.034955557345727306e-01
-1.941631910785867332e-01
-1.753001439423586272e-01
-1.451374897476740700e-01
-1.044851483368439832e-01
-5.786753101450634040e-02
-1.236449556870603504e-02
2.569899119668659845e-02
5.351132289997317937e-02
7.202372489992560356e-02
8.443961558468439377e-02
9.434778618636864567e-02
1.039104889379009050e-01
1.126680297224790656e-01
1.184906758323322484e-01
1.200766432272393214e-01
1.179041257452980440e-01
1.132825120233109384e-01
1.073818797264671360e-01
1.009263871739282947e-01
9.424373906765218245e-02
8.738828511905012697e-02
8.026213015394463579e-02
7.275352852322705677e-02
6.489804467749692163e-02
5.697624933832480532e-02
4.942678567020568348e-02
4.262390790468437163e-02
3.673783713459041061e-02
3.178066263869450819e-02
2.774721847555573079e-02
2.474117952089655015e-02
2.302634745385678805e-02
2.292045345717733801e-02
2.442023408056979289e-02
2.670590428312337450e-02
2.821012900995130759e-02
2.758668576834912706e-02
2.455791888132432405e-02
1.977066988749443324e-02
1.414778963533157297e-02
8.417420912069416630e-03
2.967909799241089889e-03
-2.089680733683579612e-03
-6.780492624149687605e-03
-1.113010950617714274e-02
-1.509045302978108058e-02
-1.855258820188747729e-02
-2.140774383260685490e-02
-2.359412054549074253e-02
-2.512756877918132306e-02
-2.614628335216874835e-02
-2.693626041873577875e-02
-2.785902940999081256e-02
-2.920090765305374120e-02
-3.107598063297744434e-02
-3.344529632492290738e-02
-3.618664076858083001e-02
-3.914028190942667879e-02
-4.211062737065113942e-02
-4.483437588377357091e-02
-4.693247673910246748e-02
-4.786924518164242803e-02
-4.695261779044798689e-02
-4.342409934768351465e-02
-3.669887142261177293e-02
-2.676180336341487526e-02
-1.452236582704194076e-02
-1.737927434194354737e-03
9.647924854974740741e-03
1.829934089433921801e-02
2.381243990497503016e-02
2.650088626266377395e-02
2.699973405794471940e-02
2.597556260898807937e-02
2.400153394398030562e-02
2.154107350238758378e-02
1.897750816837149787e-02
1.665186378371083520e-02
1.488919184032321333e-02
1.400185546864688400e-02
1.426618298774790308e-02
1.588780108438002034e-02
1.899593944098108486e-02
2.369904234645779303e-02
3.015233478565571348e-02
3.849055558668082466e-02
4.853792653144377300e-02
5.949645041112881783e-02
7.003090669988457084e-02
7.884146766765501302e-02
8.522131433702120895e-02
8.913681277260754321e-02
9.093167460607376462e-02
9.099646922294309104e-02
8.957923147142410336e-02
8.674681575282637558e-02
8.247749764929745986e-02
7.686998256273765151e-02
7.036983839825915188e-02
6.378283044837652904e-02
5.795679160368373550e-02
5.339885599252250370e-02
5.017413417237097384e-02
4.806967034647006282e-02
4.679521362018244229e-02
4.609593642938426827e-02
4.578416167021933519e-02
4.573224289220989558e-02
4.585487949803114527e-02
4.609243537596726531e-02
4.639825119397006370e-02
4.673021509802420537e-02
4.704682329163857590e-02
4.730859830125851151e-02
4.748523380744180261e-02
4.756534453887358016e-02
4.755975117800561452e-02
4.748719442723916412e-02
4.734061899598108331e-02
4.704686176505797068e-02
4.643597033167524285e-02
4.522645875444281094e-02
4.302672757040117840e-02
3.936129972432645535e-02
3.374537316108505713e-02
2.583172845721768557e-02
1.561389726251033103e-02
3.584519628799387545e-03
-9.308608942048006776e-03
-2.197007274371945429e-02
-3.356414583103001226e-02
-4.374837092355881446e-02
-5.260233209378174790e-02
-6.034949912641541375e-02
-6.710134384699417698e-02
-7.282115827068590119e-02
-7.748530317684071411e-02
-8.122045708587456725e-02
-8.428901585129998375e-02
-8.699545289320721742e-02
-8.961409319467758539e-02
-9.236168162886988775e-02
-9.539340389694321576e-02
-9.879984879743723691e-02
-1.025914404048699491e-01
-1.066583633123921460e-01
-1.106863137225355398e-01
-1.139972510800324051e-01
-1.152859372992658116e-01
-1.122951609499980991e-01
-1.017629813771121078e-01
-8.056710494682185753e-02
-4.889885535287379070e-02
-1.306553987459736776e-02
1.754668891050320187e-02
3.740026214039456759e-02
4.684209474399953638e-02
4.900230603103757770e-02
4.695416321892211670e-02
4.282259758489364437e-02
3.790754175361537442e-02
3.302096173436745025e-02
2.877122056609209347e-02
2.575142602271997261e-02
2.460104372701835823e-02
2.584657807523906697e-02
2.945663428066605874e-02
3.440694271553173395e-02
3.894301736593757529e-02
4.159555874168557876e-02
4.191051107525359254e-02
4.029732422403699971e-02
3.747647042833247150e-02
3.406259855985113022e-02
3.041317447121111295e-02
2.665978455894229063e-02
2.281110795735914396e-02
1.887172668464460329e-02
1.495964293962806155e-02
1.137013421377496523e-02
8.497063544693367679e-03
6.646780716744981644e-03
5.961825557981751539e-03
6.553306668798594692e-03
8.656902844720202814e-03
1.260507074204296127e-02
1.857299244919881354e-02
2.621004523228856811e-02
3.444248622876295435e-02
4.175960476129565030e-02
4.687864334419695328e-02
4.923652614197616961e-02
4.897972277520910855e-02
4.664396396045143028e-02
4.283686191547741995e-02
3.807234613646611615e-02
3.276244099666678761e-02
2.728825252676319452e-02
2.205200847712078874e-02
1.746815275099952020e-02
1.392406438993942785e-02
1.175159452825858854e-02
1.120033116474565549e-02
1.236482024311440567e-02
1.505252542796928564e-02
1.868548373861149067e-02
2.239396416404518947e-02
2.532366063024618988e-02
2.693786740635343777e-02
2.709629687454981339e-02
2.593273783909659166e-02
2.369143773631136873e-02
2.062062163835320580e-02
1.692111355176463203e-02
1.270866906536152058e-02
7.964806930484458203e-03
2.489702560981046659e-03
-4.093869692720527621e-03
-1.221997264986381983e-02
-2.211490002203996344e-02
-3.350391100700057107e-02
-4.554920905314410046e-02
-5.712538557487582824e-02
-6.712848333153272062e-02
-7.443037017112615061e-02
-7.745729522998770489e-02
-7.370547468976167138e-02
-5.974899269438144200e-02
-3.264420156658423555e-02
6.824202663265843856e-03
5.163257237024250490e-02
9.148268621262160838e-02
1.195431321560598836e-01
1.351866635377363679e-01
1.414801211310788842e-01
1.421032902980368107e-01
1.400144612743870753e-01
1.373574916325502049e-01
1.357524985632833081e-01
1.365226722704990792e-01
1.406557237210422640e-01
1.484421071777748402e-01
1.590387255609781170e-01
1.705542750096741000e-01
1.809206525905529550e-01
1.888504128099466328e-01
1.940614109121828468e-01
1.968582099912359884e-01
1.976259313986935828e-01
1.965254302102579509e-01
1.933927242057351670e-01
1.878069090329334001e-01
1.793516821155114738e-01
1.680590275211435447e-01
1.547839684488412915e-01
1.410841933792178760e-01
1.285720264559174764e-01
1.183002185817532137e-01
1.106058990802177566e-01
1.052976680292048994e-01
1.019269422672419434e-01
1.000098643173083363e-01
9.914075141887321307e-02
9.899394987066725826e-02
9.930138987271149020e-02
9.989664875660826671e-02
1.007917490151554740e-01
1.021705581307269239e-01
1.042555522286110203e-01
1.071370102277184044e-01
1.106739826786665437e-01
1.144737280920357231e-01
1.178781884767535898e-01
1.199012615645200508e-01
1.191226151002344469e-01
1.136261969605166372e-01
1.011920144104089814e-01
8.004713637005166083e-02
5.024192508873336072e-02
1.480321244807946898e-02
-2.091375751175101119e-02
-5.182319276326639856e-02
-7.535053976322393654e-02
-9.153601098939509462e-02
-1.017793443272683174e-01
-1.077038175897744587e-01
-1.106574702621002798e-01
-1.116753595121042775e-01
-1.116331885834902504e-01
-1.114363113077340983e-01
-1.121884054138394260e-01
-1.152642001506290620e-01
-1.220080290874588913e-01
